0 0.811172 0.676181 0.085000 0.082917
0 0.682734 0.721667 0.086250 0.128056
0 0.522500 0.693125 0.066562 0.116250
0 0.676914 0.580764 0.062266 0.066806
0 0.929141 0.608472 0.083594 0.075278
0 0.397578 0.657500 0.069687 0.137222
0 0.592209 0.528045 0.047300 0.052520
0 0.610234 0.474097 0.050312 0.051528
0 0.447266 0.573472 0.053750 0.065833
0 0.979414 0.580139 0.041172 0.071667
0 0.936523 0.692153 0.085703 0.076528
0 0.282734 0.782153 0.078438 0.169583
0 0.840391 0.959722 0.047188 0.068333
0 0.663125 0.476250 0.043750 0.030833
0 0.676679 0.961702 0.106017 0.073818
0 0.286322 0.638434 0.044467 0.069581
0 0.275768 0.591439 0.044262 0.055738
0 0.236732 0.524408 0.040779 0.055738
0 0.330036 0.548134 0.043923 0.060744
0 0.342059 0.492532 0.039959 0.051002
0 0.267264 0.448816 0.031352 0.033515
0 0.241650 0.466485 0.037090 0.035337
0 0.314171 0.414745 0.030904 0.026576
0 0.444518 0.466849 0.039139 0.041166
0 0.392674 0.444080 0.033402 0.032787
0 0.380584 0.425319 0.038730 0.022222
0 0.264908 0.409836 0.025410 0.029872
0 0.237961 0.403825 0.022746 0.029508
0 0.202971 0.474681 0.034426 0.041530
0 0.214037 0.436976 0.031557 0.033151
0 0.170492 0.393443 0.019057 0.018944
0 0.189754 0.399089 0.019877 0.017851
0 0.499795 0.481967 0.048566 0.047359
0 0.537705 0.435337 0.036680 0.040073
0 0.473873 0.421494 0.048770 0.048087
0 0.546619 0.584699 0.074180 0.102004
0 0.376426 0.410136 0.023562 0.018078
