0 0.635234 0.557431 0.058906 0.051806
0 0.772852 0.652847 0.078359 0.090694
0 0.814414 0.519653 0.059922 0.057917
0 0.768789 0.568958 0.067422 0.067361
0 0.608125 0.889653 0.110781 0.182361
0 0.275820 0.707986 0.062734 0.101250
0 0.271953 0.832708 0.080469 0.161806
0 0.686523 0.742708 0.090234 0.116250
0 0.497344 0.481389 0.042812 0.038611
0 0.462695 0.949444 0.114297 0.095000
0 0.326328 0.416875 0.034844 0.035972
0 0.555231 0.463629 0.054556 0.050893
0 0.762930 0.409375 0.037422 0.050417
0 0.965625 0.707639 0.064375 0.065278
0 0.378949 0.619434 0.059792 0.095868
0 0.478452 0.612214 0.064756 0.091857
0 0.397676 0.450361 0.034070 0.033694
0 0.427798 0.440734 0.037906 0.039310
0 0.190602 0.399418 0.021661 0.018452
0 0.239677 0.410249 0.026399 0.022463
0 0.265174 0.409045 0.024594 0.024870
0 0.237759 0.533594 0.036552 0.047734
0 0.274537 0.489069 0.039260 0.042118
0 0.309059 0.470818 0.037455 0.036903
0 0.596176 0.463799 0.031137 0.039711
