0 0.476289 0.632639 0.059922 0.081944
0 0.700078 0.537708 0.057031 0.058750
0 0.736094 0.518403 0.052813 0.050694
0 0.285625 0.625556 0.053906 0.103611
0 0.616563 0.497639 0.051562 0.059722
0 0.842539 0.615972 0.072734 0.069444
0 0.778320 0.642986 0.087578 0.117083
0 0.262266 0.898542 0.121719 0.191806
0 0.552852 0.472153 0.052266 0.055694
0 0.292578 0.503750 0.040156 0.049722
0 0.623320 0.679722 0.078047 0.101944
0 0.438086 0.582222 0.048516 0.062778
0 0.230907 0.472224 0.033791 0.030068
0 0.330657 0.540095 0.043578 0.058784
0 0.990820 0.642292 0.018047 0.057917
0 0.544130 0.585586 0.059291 0.074775
0 0.462711 0.521772 0.052872 0.063664
0 0.379265 0.513514 0.043750 0.061562
0 0.237469 0.445510 0.034808 0.029978
0 0.274752 0.464350 0.036974 0.035754
0 0.270421 0.436434 0.031095 0.029428
0 0.225248 0.407969 0.020885 0.028053
0 0.253713 0.399031 0.024288 0.022827
0 0.264310 0.417320 0.022896 0.017602
0 0.299118 0.403568 0.026300 0.025303
0 0.324876 0.444823 0.040996 0.046205
0 0.341275 0.420208 0.029548 0.030528
0 0.174133 0.378749 0.064639 0.069708
0 0.464294 0.452260 0.036122 0.033376
0 0.406666 0.448669 0.031606 0.035488
0 0.369831 0.441698 0.028755 0.026616
0 0.662369 0.472539 0.046340 0.050275
0 0.517393 0.433741 0.045489 0.037037
