0 0.597578 0.826528 0.094062 0.139722
0 0.498086 0.628750 0.066484 0.102222
0 0.766172 0.642292 0.077344 0.085139
0 0.920117 0.651667 0.100234 0.102778
0 0.703906 0.503542 0.056875 0.056806
0 0.628633 0.510556 0.052266 0.047500
0 0.650898 0.573125 0.051328 0.038750
0 0.465407 0.447851 0.044187 0.032076
0 0.308672 0.521250 0.040000 0.057500
0 0.542543 0.502483 0.049601 0.049478
0 0.657891 0.699167 0.088594 0.113611
0 0.401016 0.677431 0.060937 0.114861
0 0.443555 0.502986 0.049453 0.066806
0 0.417992 0.430727 0.040892 0.036323
0 0.369375 0.587639 0.046719 0.076667
0 0.344625 0.420708 0.036672 0.024481
0 0.885273 0.931319 0.171641 0.134583
0 0.693438 0.502639 0.035781 0.050556
0 0.230790 0.917484 0.122059 0.155556
0 0.257077 0.480556 0.038603 0.042484
0 0.250276 0.446569 0.032353 0.032026
0 0.260018 0.416830 0.021691 0.026144
0 0.296232 0.417810 0.027206 0.024183
0 0.215165 0.408333 0.027574 0.030065
0 0.236121 0.400817 0.021691 0.026797
0 0.170864 0.397222 0.016176 0.020915
0 0.188054 0.392287 0.018203 0.020195
0 0.375760 0.518994 0.044257 0.044444
0 0.333024 0.483108 0.041554 0.041742
0 0.379307 0.476652 0.041892 0.039640
0 0.542821 0.459084 0.047804 0.036937
0 0.662847 0.967188 0.108681 0.062847
0 0.345680 0.401774 0.035768 0.027443
0 0.467385 0.420515 0.032568 0.027443
0 0.532452 0.582782 0.056452 0.066170
