0 0.528711 0.726458 0.068359 0.103194
0 0.718398 0.604097 0.064609 0.080417
0 0.850078 0.562361 0.061719 0.079167
0 0.777678 0.559435 0.083638 0.090259
0 0.274827 0.603808 0.042623 0.074838
0 0.455516 0.592325 0.058234 0.071295
0 0.591016 0.523125 0.037344 0.045417
0 0.385393 0.627732 0.058443 0.096575
0 0.482930 0.471875 0.041484 0.029583
0 0.575625 0.480139 0.052031 0.051111
0 0.613711 0.476458 0.036641 0.034583
0 0.306211 0.413264 0.020078 0.019583
0 0.479593 0.440567 0.036711 0.026461
0 0.815168 0.929787 0.155602 0.137648
0 0.433020 0.936288 0.138647 0.124645
0 0.258440 0.552414 0.039249 0.057209
0 0.265137 0.482143 0.040365 0.050265
0 0.346199 0.489716 0.043419 0.060250
0 0.250256 0.400794 0.023996 0.023479
0 0.212588 0.402778 0.023996 0.023479
0 0.184759 0.391109 0.019615 0.020793
0 0.171480 0.395007 0.014323 0.018519
0 0.407206 0.433776 0.029576 0.028770
0 0.374698 0.443452 0.033854 0.029431
0 0.781785 0.421296 0.037388 0.048611
0 0.455099 0.521514 0.049564 0.059550
