0 0.709727 0.551806 0.060703 0.061944
0 0.821992 0.559028 0.068828 0.055833
0 0.424297 0.566597 0.052344 0.080417
0 0.301055 0.650069 0.051641 0.092917
0 0.332500 0.537014 0.042969 0.062361
0 0.778438 0.655208 0.084531 0.071528
0 0.570662 0.525069 0.047673 0.052107
0 0.800586 0.506875 0.063203 0.047639
0 0.682031 0.497569 0.052500 0.052917
0 0.565312 0.478819 0.051875 0.052083
0 0.258413 0.553981 0.041245 0.075574
0 0.962305 0.610903 0.073828 0.083750
0 0.650603 0.442462 0.121832 0.075479
0 0.374335 0.511229 0.045213 0.047872
0 0.322473 0.479610 0.041223 0.044917
0 0.276762 0.490839 0.038896 0.043735
0 0.343852 0.433789 0.026230 0.024044
0 0.362705 0.411749 0.022541 0.030965
0 0.390164 0.425774 0.027459 0.034244
0 0.301639 0.422131 0.025410 0.026230
0 0.281762 0.405009 0.026639 0.027687
0 0.248463 0.402641 0.031352 0.029508
0 0.212708 0.392586 0.034420 0.030675
0 0.254667 0.944354 0.108360 0.103896
0 0.469359 0.970328 0.107549 0.056277
0 0.626218 0.869318 0.116071 0.164502
0 0.506543 0.428108 0.103404 0.085939
