0 0.722734 0.548403 0.064531 0.070139
0 0.595156 0.528750 0.048906 0.060556
0 0.839023 0.618611 0.091797 0.080833
0 0.499805 0.556875 0.065234 0.072917
0 0.532344 0.674653 0.070000 0.105139
0 0.491523 0.462500 0.038516 0.040278
0 0.626055 0.499514 0.052109 0.053194
0 0.447813 0.457708 0.046563 0.048194
0 0.440586 0.581736 0.052109 0.067083
0 0.351677 0.470825 0.048750 0.066250
0 0.286642 0.600743 0.075264 0.168232
0 0.342852 0.543056 0.040078 0.067778
0 0.838059 0.544518 0.086921 0.066961
0 0.248046 0.516071 0.047368 0.070875
0 0.254760 0.458425 0.031043 0.033848
0 0.244205 0.429728 0.034768 0.037528
0 0.174462 0.392936 0.024421 0.017292
0 0.200538 0.401214 0.021523 0.026490
0 0.285803 0.405813 0.025662 0.027594
0 0.215542 0.401950 0.013452 0.021339
0 0.324917 0.421082 0.029387 0.025018
0 0.365170 0.438558 0.031664 0.029065
0 0.430464 0.422553 0.034354 0.032377
0 0.515935 0.438374 0.045530 0.036056
0 0.969955 0.729010 0.058528 0.108646
