0 0.825625 0.553194 0.072500 0.071111
0 0.765859 0.602361 0.068750 0.075556
0 0.559023 0.775139 0.082109 0.124722
0 0.835078 0.689375 0.090313 0.084583
0 0.485282 0.459317 0.032595 0.028356
0 0.555625 0.460833 0.035312 0.038889
0 0.282734 0.652708 0.056094 0.099861
0 0.323354 0.530806 0.049510 0.071662
0 0.502852 0.649931 0.069922 0.107917
0 0.245195 0.468889 0.037891 0.045833
0 0.352031 0.438125 0.025000 0.019583
0 0.390955 0.429873 0.032243 0.025922
0 0.462932 0.467831 0.033832 0.044273
0 0.262807 0.545902 0.040779 0.059016
0 0.315471 0.480692 0.038730 0.031330
0 0.383811 0.485610 0.041803 0.039709
0 0.324115 0.421357 0.026868 0.032877
0 0.272439 0.408197 0.025205 0.026958
0 0.303808 0.401924 0.026810 0.022746
0 0.202766 0.396539 0.029303 0.027687
0 0.616222 0.501873 0.048104 0.050562
0 0.622367 0.450687 0.047051 0.045568
0 0.639923 0.481273 0.030197 0.031835
0 0.431706 0.948502 0.125000 0.098002
0 0.226650 0.936642 0.107795 0.120474
0 0.972464 0.716425 0.052536 0.097907
