0 0.866836 0.720833 0.096016 0.097500
0 0.620664 0.550556 0.052266 0.055556
0 0.267344 0.539306 0.040156 0.069167
0 0.502383 0.554028 0.049141 0.056389
0 0.241011 0.469040 0.041875 0.049722
0 0.659375 0.514167 0.059844 0.047778
0 0.396133 0.691528 0.059297 0.093333
0 0.745039 0.559583 0.055703 0.054722
0 0.779297 0.545556 0.044687 0.040000
0 0.733164 0.625163 0.072110 0.066897
0 0.207955 0.485177 0.031182 0.053025
0 0.288390 0.500998 0.039627 0.043560
0 0.560820 0.510139 0.048672 0.048611
0 0.369615 0.511399 0.049054 0.058433
0 0.428629 0.502545 0.043078 0.054006
0 0.348325 0.429283 0.033865 0.029659
0 0.358535 0.414675 0.024900 0.028774
0 0.437718 0.438800 0.033865 0.035414
0 0.510237 0.441571 0.112069 0.127203
0 0.223009 0.425627 0.033569 0.029211
0 0.219078 0.400806 0.029940 0.024731
0 0.448047 0.955816 0.117969 0.085590
