0 0.409414 0.675208 0.059141 0.113750
0 0.284805 0.690972 0.060703 0.132778
0 0.340664 0.542917 0.051328 0.061944
0 0.850859 0.693958 0.089531 0.083194
0 0.519290 0.658853 0.073485 0.119012
0 0.267227 0.587014 0.047422 0.076528
0 0.700352 0.598958 0.066641 0.071250
0 0.715352 0.513681 0.055391 0.059861
0 0.456211 0.604028 0.051328 0.077222
0 0.774727 0.870417 0.118672 0.148333
0 0.576250 0.483125 0.050938 0.052917
0 0.877773 0.645625 0.082734 0.071250
0 0.241758 0.914514 0.088359 0.168194
0 0.362793 0.436942 0.036691 0.037698
0 0.314671 0.427032 0.030257 0.030732
0 0.421537 0.537763 0.054054 0.074474
0 0.495088 0.551449 0.055263 0.059115
0 0.446115 0.462988 0.038345 0.036637
0 0.459713 0.446622 0.026351 0.032733
0 0.487078 0.437763 0.027365 0.036637
0 0.373986 0.410435 0.026520 0.024024
0 0.237380 0.521189 0.038462 0.051994
0 0.266026 0.485221 0.036058 0.045584
0 0.228966 0.452813 0.036458 0.042735
0 0.241787 0.405983 0.033654 0.033120
0 0.264724 0.394587 0.020232 0.023148
0 0.211038 0.404024 0.019030 0.031339
0 0.226362 0.387821 0.022436 0.029558
0 0.175180 0.395121 0.019431 0.017094
0 0.311298 0.400997 0.028045 0.018875
0 0.975822 0.560551 0.046793 0.090008
0 0.675175 0.958572 0.115275 0.080079
