0 0.830742 0.612083 0.071641 0.062222
0 0.985586 0.636250 0.028359 0.087500
0 0.633434 0.560605 0.050007 0.052401
0 0.307422 0.529375 0.047031 0.072639
0 0.239648 0.521181 0.040234 0.063194
0 0.382109 0.624167 0.050781 0.077222
0 0.337271 0.427484 0.024189 0.026976
0 0.664636 0.519635 0.050320 0.049619
0 0.423828 0.421667 0.037031 0.034167
0 0.507148 0.464444 0.040391 0.038056
0 0.861512 0.705451 0.110849 0.098008
0 0.273984 0.839514 0.085625 0.135694
0 0.853086 0.942500 0.107109 0.108333
0 0.433609 0.899292 0.102092 0.197432
0 0.296797 0.464947 0.044643 0.049011
0 0.345591 0.495440 0.041667 0.047619
0 0.596993 0.646139 0.069379 0.084207
0 0.562893 0.494846 0.044418 0.043326
0 0.568494 0.447502 0.042649 0.045073
0 0.253439 0.409766 0.028105 0.034242
0 0.229167 0.398934 0.019654 0.021663
0 0.189269 0.396488 0.022799 0.027952
0 0.341152 0.408614 0.027247 0.021223
