0 0.293242 0.778472 0.072422 0.150000
0 0.737734 0.492569 0.051562 0.051806
0 0.748555 0.577986 0.070547 0.064306
0 0.544297 0.733542 0.073750 0.110417
0 0.301055 0.596250 0.042734 0.074444
0 0.897266 0.460278 0.070938 0.064444
0 0.508867 0.566389 0.054609 0.063056
0 0.328008 0.541389 0.038516 0.063056
0 0.292266 0.506597 0.039062 0.062083
0 0.251719 0.551111 0.041094 0.049444
0 0.913594 0.577292 0.082969 0.086528
0 0.322070 0.417222 0.041484 0.034167
0 0.333789 0.486042 0.042578 0.045972
0 0.390717 0.634314 0.087500 0.194118
0 0.734007 0.795752 0.115074 0.169281
0 0.431972 0.509126 0.047608 0.063377
0 0.399481 0.412455 0.035875 0.040112
0 0.373195 0.474228 0.035650 0.039310
0 0.261507 0.484456 0.035199 0.038909
0 0.262071 0.456378 0.033619 0.034095
0 0.288583 0.436723 0.046480 0.037304
0 0.260041 0.407240 0.033168 0.031288
0 0.212207 0.403630 0.025496 0.031288
